1 1 1 1988 4829
1 1 4 5820 8658
1 1 1 9793 12634
1 1 4 14198 17039
2 2 1 3688 6536
2 2 4 9447 12307
2 2 5 13929 16789
2 2 1 18697 21545
2 2 4 22492 25334
2 2 5 26043 28881
3 1 5 960 3797
3 1 2 4791 7633
3 1 3 10003 12751
3 1 5 18528 21366
3 1 2 22786 25621
3 1 3 26851 29688
4 2 2 3627 6468
4 2 3 9501 12343
4 2 2 14948 17788
4 2 3 20492 23334
5 3 1 1777 4453
5 3 4 5377 8037
5 3 1 9104 11783
5 3 4 13265 159396
6 4 1 3514 6192
6 4 4 8901 11575
6 4 5 13102 15776
6 4 1 17566 20233
6 4 4 21122 23802
6 4 5 24471 27153
7 3 5 939 3614
7 3 2 4552 7228
7 3 3 9470 12149
7 3 5 17498 20175
7 3 3 21514 24198
8 4 2 3468 6142
8 4 3 8993 11678
8 4 2 14138 16797
8 4 3 19350 22026
9 5 1 2660 5497
9 5 1 5971 8808
9 5 5 10226 13062
9 5 5 13537 16375
9 5 4 16852 19691
9 5 4 19927 22762
9 5 2 25361 28195
9 5 3 29617 32457
9 5 2 33878 36719
9 5 3 37900 40737
10 6 2 2371 5209
10 6 3 6157 9001
10 6 2 9951 12794
10 6 3 13740 16578
10 6 5 18710 21548
10 6 5 22022 24862
10 6 1 26048 28885
10 6 1 29596 32433
10 6 4 33854 36691
10 6 4 37637 40480
11 7 1 2569 5236
11 7 1 5679 8337
11 7 5 9668 12343
11 7 5 12782 15445
11 7 4 15890 18557
11 7 4 18780 21445
11 7 2 23895 26556
11 7 3 27890 30540
11 7 2 31873 34540
11 7 3 35650 38310
12 8 2 2286 4938
12 8 3 5824 8495
12 8 2 9381 12054
12 8 3 12947 15620
12 8 5 17602 20266
12 8 5 20710 23367
12 8 1 24471 27137
12 8 1 27805 30476
12 8 4 31812 34471
12 8 4 35360 38020

